11.7153745138600
2.81780056072107
4.27200187265877
9.74166310236604
6.02992537267253
8.57029754442633
5.37587202228625
10.6282642044691
2.25610283453570
5.24976189936267
9.67729300992793
11.9037809119624
10.4694794521982
6.20080639917100
8.44807670419723
12.1511316345433
10.1257098516598
8.65390085452797
3.94081209904761
10.1833196944808
5.08035431835222
10.6831643252362
10.2181211580212
10.7298648640139
5.41202365109392
7.21110255092798
8.17435012707432
11.8802356878978
5.68506816142076
9.16787870774914
10.6775465346680
5.80517010948000
11.2160599142480
8.94930164873215
8.63133825081603
9.74166310236604
7.35527021937332
9.15478017212866
9.92824254337091
8.04114419718985
6.76239602507869
9.61769203083567
3.68917334913934
5.96405902049938
12.7283148923964
2.88444102037119
8.05294977011530
13.8592929112563
10.8600184161906
7.60065786626395
11.3740933704625
11.9016805536025
8.06039701255466
9.12195154558497
10.7703296142690
7.76981338257233
13.5207248326412
6.69103878332804
6.21288982680363
11.2507777508935
10.0568384694197
5.90338885725818
11.1507847257491
7.01141925718324
5.23450093132096
9.62081077664456
2.59422435421457
3.94081209904761
6.63701740241805
4.03112887414928
9.97296345125159
9.74525525576421
7.99061950038919
12.9726635661301
4.73814309619285
7.20069441095788
6.27694193059009
8.55628424025289
4.51774279923061
6.62193325245732
4.72969343615419
7.24706837279738
10.7712580509428
8.82043082847998
5.09901951359278
12.4963994814506
5.72013985843004
7.52396172239067
5.47813836992094
4.62385120867876
8.45281018360167
9.50210502993942
10.4201727432898
8.52760224213114
7.36817480791546
8.80227243386616
3.49857113690718
9.32630687893123
8.70459648691426
10.9201648339208
8.22192191643779
8.78009111570034
5.92368128784796
11.9402680036924
4.58911756223351
6.32850693291870
10.6301458127347
10.1242283656583
10.9658560997307
2.24722050542442
12.0615090266517
8.45044377532920
8.64927742646749
8.38152730712011
4.02243707222375
11.7379725676967
8.20243866176395
7.57693869580585
9.17877987534291
6.50691939399898
7.35391052434009
12.8693434175952
7.97119815335185
7.04059656563277
2.38537208837531
6.08769250208977
8.33846508657319
11.8228592142510
8.28009661779378
10.4957134107215
10.2200782775867
3.32415402771893
10.4752088284673
3.36154726279432
9.30591209930547
9.62081077664456
7.96492310069595
9.15478017212866
5.30848377599480
8.30963296421689
9.15478017212866
6.40780773744032
9.41328847959097
0.670820393249937
9.14385039247690
8.08949936646267
6.25139984323511
1.56524758424985
7.96303962064738
3.46554469023269
8.67006343690748
10.1862652625975
8.40238061504000
7.46860093993514
1.92093727122985
9.70206163658014
9.88584847142622
8.10246875958186
8.17067928632620
7.06045324324154
8.06535802057169
11.5883562251080
10.2552425617340
5.99332962550868
9.97246208315680
9.65660395791398
3.08058436014987
6.35688603012513
10.2449987798926
8.34086326467471
8.35224520712844
6.21691241694782
9.87927122818278
10.5588825166303
7.16937933157397
10.5190303735658
10.0019998000400
3.23109888428070
5.87281874401041
7.69675256195754
4.22018956920184
4.31393092202460
6.10000000000000
3.31209903233584
2.90172362570938
10.4307238483242
9.11372591205156
8.51586754241751
12.2576506721313
5.28866712887094
4.47772263544762
8.41724420460759
5.64623768539724
11.0462663375459
8.16333265278342
3.02654919008431
8.82383136738231
5.27730992078350
8.27345151674922
9.67987603226405
8.41724420460759
8.40119039184329
6.40312423743285
10.3942291681490
8.21340367935243
11.5433963806152
4.00249921923790
8.14370922860093
9.21954445729289
8.49293824303462
8.89550448260244
6.91809222257119
8.60929730001235
10.5109466747767
6.02079728939615
3.66742416417845
9.55196314900764
4.06078810084939
8.19878039710785
8.92692556258873
4.78539444560216
7.61051903617618
7.43303437365925
8.80908621821810
10.2625532885340
10.0224747442934
6.08029604542411
9.65660395791398
5.37121960079831
8.35284382710463
4.51884941107800
10.4292856898256
4.44184646290256
5.73846669416143
8.69540108333135
8.53756405539660
6.94262198308391
8.82949602185765
8.21340367935243
1.70293863659264
10.9603832049797
4.34165866921848
6.16846820531645
9.08019823572151
9.56033472217370
11.7034183040683
2.02484567313166
10.1862652625975
9.31933474020544
7.54519714785505
10.9635760589326
6.09015599143405
8.10061726043145
10.5688220724923
12.3794184031399
12.4739729036101
0.141421356237310
2.84604989415154
4.31045241245046
6.51920240520265
9.77189848494140
9.24770241735751
3.76961536499415
9.99849988748312
8.01311425102625
7.80064099930256
10.6437775249204
2.94108823397055
7.42024258363566
9.97647232241939
8.69540108333135
9.88837701546619
6.86221538571911
5.41294744108974
1.14017542509914
9.21791733527699
11.2929181348312
12.8763348822559
4.23792402008342
11.8431414751323
10.2474387043788
6.30317380372777
5.81807528311554
9.51314879522022
7.36002717386288
4.97393204617836
6.10327780786685
9.65194280961092
8.90898422941696
2.50199920063936
8.33606621854697
8.85663593019381
6.99714227381436
8.92748564826626
7.84920378127616
7.72787163454466
7.05761999543756
8.64696478540303
9.80815986819138
11.8793939239340
5.52268050859363
10.0568384694197
10.1400197238467
11.2432201792903
2.94278779391243
8.22009732302483
12.3405834546021
6.44127316607517
9.27200086281273
9.35360892917809
8.65794432876534
9.00499861188218
10.4446158378372
2.22036033111745
10.9986362791030
7.61051903617618
10.2181211580212
7.29451848993475
8.20060973342836
7.81856764375675
7.30068489937759
1.04403065089106
5.73061951275776
4.46878059430087
4.38634243989226
7.30821455623739
8.07093550959243
4.75394572960189
6.51459898996093
6.21691241694782
11.9201510057549
11.7643529358822
9.90201999594022
9.51892851112981
10.2615788258922
9.15860251348425
8.07774721070176
4.47772263544762
3.91152144312159
5.88217646794110
11.2871608476180
9.43716058992322
9.53834367172834
11.3176852757090
11.8848643240047
11.2507777508935
12.6905476635171
7.52927619363243
10.3768974168583
1.61245154965971
7.30000000000000
6.62721661031236
8.96771988857814
5.26972485050216
11.6284134773408
2.95296461204668
9.95690715031530
11.8793939239340
5.88727441181401
8.89550448260244
12.4482930556763
2.34093998214393
9.67470929795826
6.30317380372777
5.26307894677631
8.91066776397819
6.67083203206317
8.72066511224918
8.62844134244418
5.32634959423431
10.4446158378372
7.83134726595622
4.72016948848238
9.66074531286277
6.46219776856140
10.2000000000000
12.4739729036101
10.3276328362312
9.02718117686800
3.40147027033899
9.74166310236604
4.35660418215839
6.12943716828878
1.14017542509914
4.15932686861708
4.68401537145215
9.69329665284211
5.84636639289739
9.47048045243746
1.58113883008419
7.54254598925323
8.12711510931155
9.09065454189081
10.8226614102078
11.0602893271379
4.93355855341760
7.23394774656273
7.47328575661335
8.52760224213114
8.82326470191165
7.00071424927486
10.1769347054995
2.77308492477241
10.8706025591961
10.0439036235918
9.70051545022222
6.62193325245732
8.28009661779378
8.11541742610939
8.34865258589672
8.72066511224918
2.10950231097290
12.6589889011722
13.2548104475319
5.51452627158490
11.2712022428843
8.83628881374981
13.5830777072061
7.20069441095788
8.05294977011530
3.80525951808809
10.8046286377645
6.93108938046538
10.0881118153994
11.1825757319144
11.0072703246536
4.83011387029333
8.63481325796916
9.02108640907513
9.79438614717635
6.01664358259653
6.08769250208977
6.92603782836912
6.48459713474939
7.51664818918645
5.74891294072192
1.70293863659264
6.45368112010502
6.88839603971781
1.21655250605964
13.7186005117140
5.01597448159378
9.05207158610669
11.7388244726634
6.30079360080935
9.86154146165801
7.87718223732319
6.87095335452075
11.4738833879380
8.98109124772708
7.78267306264371
9.94082491546854
8.60232526704263
5.47448627726840
10.9713262644040
4.64865571966778
6
6.08769250208977
11.1830228471554
5.94810894318522
12.2788435937591
8.34865258589672
6.30713881248859
4.06078810084939
12.8003906190397
12.2674365700418
5.50272659687904
11.1503363177978
7.75241897732572
11.1126054550677
6.16603600378720
9.31933474020544
5.43415126767741
9.08019823572151
9.24445779913565
8.14125297481905
3.60693775937429
7.71621668954417
9.34344690143846
12.3405834546021
4.74341649025257
11.9603511654132
4.80520551069359
6.00832755431992
6.48999229583518
7.97057087039567
9.54148835350125
7.11688133946323
8.12219182240853
11.6828934772170
9.15478017212866
8.02807573457052
3.29848450049413
8.72983390449097
7.35730929076656
11.2712022428843
10.2610915598683
8.06225774829855
7.53259583410659
9.25904962725657
4.96789693934969
12.2413234578619
4.31740662898458
9.78365984690801
1.52643375224737
11.0909873320638
0.670820393249937
9.12414379544733
7.38782782690555
5.04876222454574
9.45568612000208
6.57951365983839
6.06052802980070
11.4856432122890
6.93541635375988
4.87544869729956
8.80511215147201
6.54599113962126
5.23450093132096
9.79489663038870
7.92085853932514
7.87718223732319
4.66904701197150
7.41687265631546
9.60832971957145
12.0253898065718
5.76974869470066
8.03243425120928
10.6282642044691
7.69415362466854
7.44043009509531
7.87718223732319
4.70744091837593
6.64906008395172
8.04487414444751
8.86002257333468
9.79897953870708
7.52728370662353
8.17067928632620
2.80178514522438
5.81377674149945
4.31393092202460
9.72676719162127
9.57548954362125
7.45184540902453
5.59464029227975
10.0806745806022
8.70919054792120
8.23468275041607
6.71863081289633
11.0639052779749
6.35609943282828
12.8701204345569
6.65281895139196
3.25576411921994
7.72787163454466
5.38144961882948
8.90505474435727
8.98109124772708
5.54707129934347
7.59605160593318
10.0439036235918
6.75351760196122
13.2321577983336
2.00249843945008
11.2929181348312
1.26491106406735
8.55628424025289
5.20096144957834
11.7413798166996
8.88144132446981
4.38292140016223
8.42199501305955
8.57962703152066
11.2432201792903
3.64965751817893
12.2641754716736
2.08086520466848
10.4235310715707
11.8139747756629
3.14006369362152
6.12943716828878
9.37443331620637
10.0044989879554
6.12943716828878
6.55209890035247
9.56033472217370
3.93954312071844
8.72983390449097
4.40454310910905
8.10061726043145
7.35934779718964
11.4337220536446
6.93757882838098
11.1139551915598
10.0801785698469
13.3124002343680
2.23606797749979
4.60434577328854
10.7331262919990
4.63249392876019
9.48261567290376
9.48946784598589
10.0846417883830
10.5361283211624
10.8300507847378
9.22821759604746
9.39414711402797
12.2800651464070
6.82495421230062
3.91152144312159
3.98497176903425
4.81040538832228
9.81835016690686
9.43027040969664
6.43272881443016
4.87954915950234
10.4560986988456
7.08801805866774
9.31718841711382
5.83095189484530
10.2576800496019
6.08276253029822
7.16100551598726
7.10281634283191
6.42028036770981
3.66742416417845
3.18904374382040
9.12359578236564
3.84707681233427
7.98310716450681
9.74063652950874
3.91152144312159
7.73175271203108
9.73242004847715
7.48465096046569
5.41202365109392
11.8228592142510
10.5361283211624
4.75078940808788
5.73846669416143
10.8231233939192
11.4560027932957
5.63027530410370
12.0673112166713
11.3216606555752
9.29569792968769
9.09725233243533
8.72811548961172
9.75141015443407
6.86002915445700
7.38241153011670
10.0424100693011
9.98649087517733
11.1305884839931
10.1710373118970
9.24391691870930
8.93196506934504
10.1921538449927
7.64198926981712
12.5319591445233
8.74642784226795
7.15891053163818
12.6905476635171
7.14492827115850
4.66476151587624
8.82326470191165
11.9268604418766
11.7800679115190
8.94986033410578
7.49466476902069
5.52268050859363
5.98163857149527
10.5190303735658
3.99624824053762
7.59275970909129
6.39765582068933
8.82779700718135
4.58911756223351
7.85175139698144
8.06535802057169
7.48131004570724
10.9808924956034
5.02095608425328
9.94585340732509
3.40000000000000
8.36301381082203
10.0409162928490
3.80131556174964
9.64624279188535
6.70820393249937
4.11096095821889
12.8549601321824
8.74642784226795
4.16173040933696
10.4043260233424
9.30053761886914
8.66833317310774
9.16624241442479
10.4661358676448
7.33484832835690
6.80147042925278
10.1548018198289
10.5759160359753
11.0145358504115
5.54436651025165
5.69385633819470
7.21248916810279
6.93541635375988
9.00943949421938
9.66281532473844
2.26274169979695
1.83575597506858
8.12711510931155
11.6000000000000
8.65332306111357
11.9402680036924
5.96824932455071
8.25651258098721
5.27730992078350
8.76812408671319
1.83847763108502
7.94795571200545
9.30215028904608
10.2156742312977
5.83095189484530
8.19390017024860
5.50363516232681
10.6004716876184
5.86941223633168
1.22065556157337
11.3172434806361
9.21954445729289
9.54829827770373
10.0079968025574
6.51920240520265
5.96824932455071
6.72681202353686
9.12140340079310
7.90253124005214
6.86221538571911
4.05215991787096
4.66154480832267
6.77790528113222
6.76239602507869
8.87693640846886
9.17060521448830
9.96393496566492
13.2966161108757
4.25440947723653
8.08949936646267
3.93954312071844
10.3469802357983
11.0136279218067
5.80086200490927
10.1400197238467
5.50726792520575
5.54707129934347
2.35372045918796
3.10644491340181
6.41950153828161
11.6674761623926
10.7712580509428
11.6777566338745
10.2181211580212
6.67532770731145
3.33016516106934
3.94461658466320
10.8706025591961
7.12811335487870
9.43663075467086
9.52732911156112
12.0104121494643
8.50940655980192
5.31601354400081
9.42602779541839
8.27647267862342
8.92020179143947
8.81192374002408
6.01082357085949
12.2441822920112
10.1867561078098
4.02616442783948
7.72334124585985
11.0018180315801
10.8078675047393
7.22357252334328
11.8460964034571
6.17737808459220
8.90056178002265
5.14003891035856
10.6887791632160
3.03644529013780
6.11310068623117
5.95399025864168
4.70106370941726
11.2805141726785
10.3121287811974
9.82700361249552
9.88584847142622
11.0385687478042
10.3276328362312
4.68721665810319
4.81663783151692
7.07742891168820
5.76974869470066
7.24982758415674
12.5175876270150
4.51774279923061
9.27200086281273
11.5121674761967
8.47230783199005
8.59127464349732
2.64764045897475
4.41021541423999
11.7885537705013
7.88479549512858
10.1118742080783
8.35463942968217
4.94772675074119
10.8811764069884
9.15478017212866
0.565685424949238
12.0673112166713
6.36003144646314
7.71621668954417
10.1833196944808
7.48131004570724
3.84707681233427
10.0319489631876
4.35660418215839
3.42052627529741
9.87927122818278
11.6661904664719
4.92036584005702
11.3229854720387
9.34344690143846
5.06951674225463
9.27200086281273
2.38537208837531
6.36317530797321
8.90000000000000
10.8706025591961
7.73886296557834
6.57875368135941
9.13509715328742
5.09313263129874
8.20000000000000
6.16116872029975
8.16088230524127
11.8105884696742
9.31074647920348
9.53414914924242
7.46525284233562
11.9620232402383
8.43860177991591
10.9603832049797
8.86453608487212
3.08058436014987
7.85875308175540
12.1827747249959
8.78635305459552
13.3003759345366
8.13203541556479
5.50272659687904
5.75673518584970
7.35934779718964
6.60984114786430
3.21403173599764
6.32850693291870
7.13442359269479
9.30591209930547
9.26336871769660
10.1237344888139
9.96443676280802
4.21544778167160
8.49293824303462
10.2459748194108
8.42021377400836
10.0244700608062
5.94138031100518
4.27200187265877
7.54519714785505
10.1414989030222
4.50000000000000
3.55105618091294
4.50998891351187
9.05207158610669
10.6174384858119
11.4389684849640
9.37709976485267
10.7335921293852
7.46324326281812
9.33434518324665
6.59241988953980
8.14923309275173
2.37697286480094
3.39705755029261
10.4004807581188
7.84920378127616
11.7885537705013
8.84137998278549
10.7912001186152
10.1843016451792
7.52130307858951
9.97647232241938
2.37697286480094
9.13947482079797
7.31095069057370
8.95544527089525
9.33380951166243
4.71699056602830
6.36003144646314
6.02162768692984
8.72066511224918
8.70919054792120
11.9016805536025
10.4809350727881
9.07083237635886
4.78539444560216
8.10555365166378
2.47588368062799
7.25327512231544
3.72021504754765
9.23579991121506
9.11975876873945
7.28010988928052
10.0687635785135
3.36154726279432
9.60052081920559
10.8189648303338
3.76961536499415
5.24976189936268
10.3232746742494
9.41116358374458
11.2805141726785
6.58027355054484
6.04400529450463
9.13509715328742
6.80955211449329
9.41541289588513
5.86941223633168
7.25672102261069
9.19347594764896
2.98328677803526
2.26715680975093
9.82700361249552
9.60208310732624
9.80459076147495
6.09015599143405
12.5175876270150
6.96419413859206
13.6488094718917
2.10950231097290
7.51664818918645
4.96487663492257
13.1244047484067
5.50090901579003
12.5896783120142
12.2347864713693
7.59539334070330
5.37587202228625
12.5319591445233
9.06090503205944
5.51543289325507
9.13947482079797
8.74642784226795
11.8600168633944
3.08058436014987
10.3855669079738
9.48472456110350
1.50000000000000
9.08735385026907
8.29698740507662
6.60681466366357
12.2024587686253
9.77547952787995
7.72787163454466
12.5319591445233
3.40587727318528
6.64003012041361
11.0923396990896
11.2898184219234
6.66033032213869
10.8208132781229
4.53982378512647
8.05046582503149
6.61211010192662
9.12140340079310
2.50599281722833
8.31865373723417
12.8724512040248
3.80525951808809
5.75673518584970
1.17046999107196
13.5793961574144
7.47930478052606
2.21359436211787
4.71699056602830
10.1271911209377